 15162382

     3462     3479      884     2551      875      826
      889      818      914     2546      896      807
      895      826      895     2530      922      820
      886     2552      885      820      890      818
      914     2541      901      810      891      836
      884     2526      926      820      891      816
      894     2541      889      820      916     2544
      889      818      891      825      907      801
      921      822      890      816      894     2537
      895      816      927     2534      897      812
      884      830      895      813      919      782
     3437     3465      890     2564      880      803
      928      819      891     2535      897      819
      887      821      915     2545      898      809
      891     2539      907      806      922      820
      892     2528      905      817      892      815
      928     2533      884      823      891      824
      897     2530      913      823      896     2534
      887      828      893      815      917      827
      898      810      888      827      894     2532
      917      826      889     2548      885      819
      891      811      922      826      896      775
     3434     3468      897     2533      930      812
      893      815      890     2544      889      819
      922      815      892     2538      898      818
      892     2531      923      835      872      822
      892     2543      884      823      913      829
      892     2545      878      823      897      814
      919     2542      890      820      892     2541
      889      817      915      827      895      813
      904      813      890      817      915     2545
      897      805      896     2554      879      818
      923      819      887      821      895      785
     3436     3404      897  9035129

     3440     3469      901      810      932     2524
      894      816      895     2540      891      816
      960      785      894     2530      888      832
      893      811      915     2560      877      816
      894     2535      897      816      916      839
      883     2529      886      830      895      812
      921     2552      879      815      892     2545
      893      812      916      826      897      808
      893      827      892      815      917     2547
      881      822      891     2544      887      819
      924      818      888      820      894      768
     3443     3468      928      820      890     2536
      893      824      891     2534      919      824
      896      812      886     2548      898      809
      921      822      888     2546      888      818
      892     2534      914      829      896      810
      902     2532      899      809      920      822
      890     2531      904      818      890     2530
      924      823      897      809      891      840
      877      817      921      821      898     2528
      893      823      887     2551      904      826
      894      813      897      815      897      780
     3449     3479      897      814      896     2550
      882      856      876     2541      890      818
      893      823      909     2513      919      827
      894      814      896     2545      888      813
      919     2542      890      813      896      825
      896     2540      904      826      893      812
      899     2538      894      814      918     2537
      895      817      893      823      888      820
      935      829      869      816      894     2540
      892      816      916     2554      889      809
      891      825      895      812      916      792
     3433     3412      890 16777215

     3460     3460      912      790      889      827
      889      846      891     2543      920      787
      893      818      894     2573      877      827
      894      813      930      786      892      842
      920     2516      918      788      886      830
      916     2536      916      801      891      813
      919     2518      893      841      921     2510
      892      819      892      823      886      849
      894      822      915      793      907     2527
      891      842      919     2511      900      824
      909      797      891      841      891      772
     3468     3457      905      801      893      840
      922      794      897     2525      929      793
      894      838      916     2518      919      788
      908      809      889      845      918      798
      892     2528      893      828      904      830
      890     2540      892      820      891      825
      886     2576      872      833      892     2534
      887      829      892      852      912      793
      918      789      921      795      894     2554
      920      814      929     2483      895      822
      884      850      888      828      924      749
     3417     3486      890      845      897      818
      922      781      898     2541      895      838
      890      852      867     2536      889      826
      894      838      894      840      870      834
      879     2541      888      872      860      825
      928     2513      909      796      892      843
      885     2548      919      788      891     2540
      893      871      861      829      911      797
      896      845      875      855      865     2574
      869      837      893     2537      877      860
      868      821      889      819      891      812
     3397     3480      836