24
     9099     4404      722     1579      709      496
      729      478      710     1599      710      496
      710      497      710      497      733      468
      720      491      733      473      734      471
      714     1593      738      469      736      471
      738      469      705      501      706      500
      738      469      728      477      709      497
      706      501      709     1612      698     1596
      712      495      732      511      675      494
      713      494      734      472      737     1584
      693      500      706     1599      709      501
      706      500      738     1569      731      474
      705    19938      734      470      709     1601
      726      477      681      525      713      493
      734      473      735      473      712      492
      684      523      703      504      735      470
      705      502      737      470      705     1609
      701      496      678      533      706      499
      739      468      729      477      708      498
      756      457      699      500      735      474
      730      475      710      498      730      475
      711      495      733      475      679     1627
      736      474      734     1572      705     1605
      735