
     9102     4407      675     1646      711      480
      708      498      708     1600      730     1578
      708      497      717      491      729      476
      678     1630      710      496      733      474
      709     1601      709      500      706      497
      729      477      677      530      677      530
      729      474      714      496      730      476
      731      476      744     1565      746     1564
      678      530      737      467      676      530
      730      477      729      491      664     1626
      733      478      728     1580      676      529
      730      477      729     1581      708      498
      729    19914      734      491      716     1571
      756      450      735      471      704      503
      748      459      682      524      682      524
      684      522      683      524      703      503
      683      523      736      469      744     1566
      734      471      735      472      734      472
      683      523      733      473      706      504
      702      515      724      470      683      524
      682      524      682      525      758      449
      716      491      734      472      734      473
      735     1573      735     1570      738     1574
      733