
     5751      681      609      792      535     7613
      314  3724437

     8958     4603      594     1681      626      594
      572      648      576     1710      599      628
      600     1657      598      661      630      577
      577     1734      543      581      677      582
      604     1700      608      576      629      577
      629      595      645      573      567      588
      705      528      647      557      596      636
      602      578      597     1713      648     1655
      631      579      679      554      621      558
      597      663      606      573      601     1757
      607      581      644     1636      651      554
      621      558      680     1705      603      581
      658    19992      608      542      615     1685
      706      553      601      625      605      562
      693      512      654      572      638      517
      649      561      703      505      675      560
      621      553      684      550      657     1705
      602      542      634      581      625      582
      625      555      682      551      600      581
      681      551      625      584      622      635
      604      524      703      501      705      501
      685      552      675      506      680      551
      624     1711      640     1663      603     1686
      673   940843

     8926     4549      632     1724      549      635
      600      576      630     1705      604      577
      629     1705      584      598      627      579
      627      608      620     1659      596      639
      638     1658      615      590      613      605
      622      558      628      580      645      592
      592      636      595      585      622      602
      562      602      626     1708      631     1648
      682      504      680      551      624      583
      624      584      664      596      600     1624
      685      553      621     1687      653      550
      625      582      654     1669      641      577
      598    20051      642      557      633     1621
      677      582      624      558      648      542
      645      576      629      577      633      547
      677      556      681      579      597      583
      602      579      628      600      640     1674
      600      607      620      560      626      551
      677      574      639      551      628      604
      623      534      704      527      679      501
      674      562      624      553      674      586
      600      556      650      579      627     1695
      614     1657      704     1684      572     1681
      628  2844149

     9051     4430      702     1599      740      469
      706      501      704     1603      736      470
      705     1602      685      524      704      502
      716     1593      735     1568      708      502
      735     1573      736      471      735      470
      684      522      702      506      734      472
      704      502      736      469      705      502
      705      502      704     1614      695     1603
      737      470      704      501      736      467
      744      465      737      472      734     1587
      690      503      682     1626      703      500
      738      471      734     1573      746      461
      734    19912      704      495      765     1544
      740      466      730      474      728      480
      678      526      724      484      710      496
      679      527      731      475      680      531
      728      475      710      495      733     1577
      711      493      712      495      732      473
      713      495      732      473      713      494
      712      494      734      485      670      525
      678      527      735      472      755      452
      734      472      714      493      682      523
      704      502      738      470      736      470
      735