power
     9060     4428      684     1623      704      504
      701      499      710      500      718      489
      686      519      706      501      673      530
      678      527      705     1601      734      476
      727     1579      708      498      708      495
      728      480      709      496      711      496
      710      494      713      492      715      491
      711      492      684     1625      702      504
      744      466      699      504      734      473
      731      476      702      503      702     1604
      724      482      704     1603      705      501
      725      495      660     1636      671      531
      706    19917      683      527      730     1577
      741      465      726      481      711      494
      678      529      731      473      711      495
      679      526      713      493      733      473
      681      586      656      488      703     1607
      701      503      705      501      678      527
      724      481      674      532      753      453
      738      467      729      476      739      467
      677      529      729      478      728      477
      677      530      728      494      716     1570
      735     1574      734     1573      733      473
      733