  2574959

     9011     4545      601     1710      650      556
      576      604      624      637      570      582
      652      554      656      588      588      609
      628     1678      599      607      631      551
      619     1715      599      552      685      549
      678      554      601      633      574      600
      605      607      621      560      626      605
      600      606      601     1683      647      554
      652      558      648      531      654      606
      622      531      655      603      603     1700
      607      577      649     1659      681      525
      652      582      602     1649      679      563
      679    19960      592      622      616     1681
      627      604      571      609      650      529
      681      526      679      551      685      549
      604      550      654      555      656      577
      597      635      623      587      594     1700
      614      604      622      555      652      555
      652      529      658      576      650      555
      631      549      659      558      668      555
      672      505      649      557      649      556
      651      586      652      554      621      558
      659     1688      611     1706      612      571
      677